fileName imageWidth imageHeight 
camera matrix K [3x3]
radial distortion [3x1]
tangential distortion [2x1]
camera position T [3x1]
camera rotation R [3x3]
camera model m = K [R|-Rt] X

camModelList.size() 119
IMG_0547.JPG 4608 3456
3272.1733924963492 0 2342.3086717022011
0 3272.1733924963492 1770.4377498787001
0 0 1
-0.04646865617107581 0.051288490946210602 -0.025988438162638149
0.0032416606187316522 0.0033995207337653736
370747.84931199555 4797168.8641240774 507.77970651053715
-0.94660184153532601 -0.28953614234150654 0.14182304424855829
-0.31502259516218351 0.92422734932632489 -0.21578825569182047
-0.068598237143622773 -0.24894302367255508 -0.96608573782328089
IMG_0548.JPG 4608 3456
3272.1733924963492 0 2342.3086717022011
0 3272.1733924963492 1770.4377498787001
0 0 1
-0.04646865617107581 0.051288490946210602 -0.025988438162638149
0.0032416606187316522 0.0033995207337653736
370751.74967233191 4797113.8968924852 507.18963979217284
-0.95994952789959109 0.26956290623780216 0.076372399896703275
0.27243559116441141 0.96170945973900934 0.029895881244754827
-0.065389238810753772 0.049505097001547829 -0.99663107156992536
IMG_0549.JPG 4608 3456
3272.1733924963492 0 2342.3086717022011
0 3272.1733924963492 1770.4377498787001
0 0 1
-0.04646865617107581 0.051288490946210602 -0.025988438162638149
0.0032416606187316522 0.0033995207337653736
370763.03343118809 4797056.5990634067 505.12458812746996
-0.98711291376280363 -0.1085124675177105 0.11761436934288913
-0.13089089984985597 0.97032725586100299 -0.20330417819058824
-0.092063390222187055 -0.21607883035242786 -0.97202585935474151
IMG_0551.JPG 4608 3456
3272.1733924963492 0 2342.3086717022011
0 3272.1733924963492 1770.4377498787001
0 0 1
-0.04646865617107581 0.051288490946210602 -0.025988438162638149
0.0032416606187316522 0.0033995207337653736
370738.14253953216 4797050.2174228905 503.26304874734006
0.92362850721366496 0.37274630429226191 0.089278067288205643
0.37552133821556438 -0.92667587083104774 -0.015986086585250196
0.07677307605566272 0.048291024590289215 -0.99587844224933963
IMG_0552.JPG 4608 3456
3272.1733924963492 0 2342.3086717022011
0 3272.1733924963492 1770.4377498787001
0 0 1
-0.04646865617107581 0.051288490946210602 -0.025988438162638149
0.0032416606187316522 0.0033995207337653736
370728.38771266321 4797102.3567611296 505.35710541353626
0.95444970158001052 0.2862678232851244 -0.084121938312343145
0.27469207818703867 -0.95312895808556963 -0.12684420144414271
-0.11649046885953675 0.097958780159377326 -0.98834915290830916
IMG_0553.JPG 4608 3456
3272.1733924963492 0 2342.3086717022011
0 3272.1733924963492 1770.4377498787001
0 0 1
-0.04646865617107581 0.051288490946210602 -0.025988438162638149
0.0032416606187316522 0.0033995207337653736
370720.38488400413 4797152.0433611125 505.49288574856149
0.93033763023015881 0.35497676130134082 -0.091996699472010141
0.34620745245110801 -0.93294650988918815 -0.098748212909888708
-0.12088132049678392 0.060019235429934197 -0.99085084535128687
IMG_0554.JPG 4608 3456
3272.1733924963492 0 2342.3086717022011
0 3272.1733924963492 1770.4377498787001
0 0 1
-0.04646865617107581 0.051288490946210602 -0.025988438162638149
0.0032416606187316522 0.0033995207337653736
370712.58908388379 4797201.0125127863 505.71844066369181
0.95069972113152434 0.31001166163845961 0.0079252689924713404
0.31002189544445485 -0.94949092533464718 -0.048511926906512771
-0.0075142920803839214 0.048577282296527718 -0.99879116088360242
IMG_0555.JPG 4608 3456
3272.1733924963492 0 2342.3086717022011
0 3272.1733924963492 1770.4377498787001
0 0 1
-0.04646865617107581 0.051288490946210602 -0.025988438162638149
0.0032416606187316522 0.0033995207337653736
370705.57944640727 4797251.1601745058 504.83791252285806
0.91935046647029373 0.38671301516982043 -0.072441450145061204
0.38317989914754003 -0.92184213700222961 -0.058139825734548532
-0.089263008520518883 0.025692768348872689 -0.99567665281678519
IMG_0556.JPG 4608 3456
3272.1733924963492 0 2342.3086717022011
0 3272.1733924963492 1770.4377498787001
0 0 1
-0.04646865617107581 0.051288490946210602 -0.025988438162638149
0.0032416606187316522 0.0033995207337653736
370679.57103177044 4797224.1441573193 505.13795730627515
-0.99662066257702253 0.00035752828480387143 0.082140897840613
-0.0087532070526473958 0.99383435369440176 -0.11052899521448771
-0.081673963359383622 -0.11087447673092453 -0.99047272255161767
IMG_0557.JPG 4608 3456
3272.1733924963492 0 2342.3086717022011
0 3272.1733924963492 1770.4377498787001
0 0 1
-0.04646865617107581 0.051288490946210602 -0.025988438162638149
0.0032416606187316522 0.0033995207337653736
370688.08403733897 4797170.9229825987 505.47548515063278
-0.96267197871901622 0.27042805468913711 -0.011459870255067577
0.26944618668370302 0.9534344749854704 -0.13550444417358182
-0.025717967859552545 -0.13353414973792041 -0.99071046072146918
IMG_0558.JPG 4608 3456
3272.1733924963492 0 2342.3086717022011
0 3272.1733924963492 1770.4377498787001
0 0 1
-0.04646865617107581 0.051288490946210602 -0.025988438162638149
0.0032416606187316522 0.0033995207337653736
370697.3554692248 4797118.3013842152 504.84936679449015
-0.97738249127316024 0.19717675753445305 0.076451239629390377
0.18779587501415207 0.97545696312971997 -0.11496270007882162
-0.097242866475335477 -0.098005302764409816 -0.99042353846711284
IMG_0559.JPG 4608 3456
3272.1733924963492 0 2342.3086717022011
0 3272.1733924963492 1770.4377498787001
0 0 1
-0.04646865617107581 0.051288490946210602 -0.025988438162638149
0.0032416606187316522 0.0033995207337653736
370705.81293815927 4797068.884920734 503.55293782728825
-0.97633159129702329 0.20600548108754155 0.065866270558707918
0.18879980254323581 0.96036102165173165 -0.20508862145832818
-0.10550477901525371 -0.18779896126957896 -0.97652459864102226
IMG_0560.JPG 4608 3456
3272.1733924963492 0 2342.3086717022011
0 3272.1733924963492 1770.4377498787001
0 0 1
-0.04646865617107581 0.051288490946210602 -0.025988438162638149
0.0032416606187316522 0.0033995207337653736
370714.27201631549 4797015.6941891974 504.21894481116482
-0.98583601258527143 0.1615009249616404 0.045219548057306588
0.15459987942063461 0.97961842386188536 -0.12824437965650068
-0.065009488331302101 -0.11943699119992116 -0.99071114436046004
IMG_0561.JPG 4608 3456
3272.1733924963492 0 2342.3086717022011
0 3272.1733924963492 1770.4377498787001
0 0 1
-0.04646865617107581 0.051288490946210602 -0.025988438162638149
0.0032416606187316522 0.0033995207337653736
370683.38911891187 4797023.5750523638 504.25479181218623
0.95545579675953296 0.26843283955793507 0.12267041650483496
0.27220581077519962 -0.96212534716297482 -0.014792326616907867
0.11405357082889606 0.047525014396514985 -0.99233721888669935
IMG_0562.JPG 4608 3456
3272.1733924963492 0 2342.3086717022011
0 3272.1733924963492 1770.4377498787001
0 0 1
-0.04646865617107581 0.051288490946210602 -0.025988438162638149
0.0032416606187316522 0.0033995207337653736
370679.6791560108 4797073.4742084825 508.01245500754152
0.99593381927020019 0.071101308523026124 -0.055321167379093553
0.060370402232653136 -0.98254188567606182 -0.1759740248627519
-0.066867347548260805 0.17191872154725385 -0.98283910738910762
IMG_0563.JPG 4608 3456
3272.1733924963492 0 2342.3086717022011
0 3272.1733924963492 1770.4377498787001
0 0 1
-0.04646865617107581 0.051288490946210602 -0.025988438162638149
0.0032416606187316522 0.0033995207337653736
370672.2401375295 4797121.923999954 506.4404344656777
0.87896382361953707 0.46342339442160357 -0.11252268336154318
0.43953767362428153 -0.87878654374876086 -0.1858516720157814
-0.18501143270911069 0.11389893778638099 -0.97611362132594803
IMG_0564.JPG 4608 3456
3272.1733924963492 0 2342.3086717022011
0 3272.1733924963492 1770.4377498787001
0 0 1
-0.04646865617107581 0.051288490946210602 -0.025988438162638149
0.0032416606187316522 0.0033995207337653736
370659.50209871418 4797170.6731008962 505.49782348922326
0.94407504619381688 0.32426303679771401 -0.059797910673091446
0.31947839473755613 -0.94442447593493273 -0.077433613831087822
-0.08158346922052831 0.053999002044039374 -0.99520261521370157
IMG_0565.JPG 4608 3456
3272.1733924963492 0 2342.3086717022011
0 3272.1733924963492 1770.4377498787001
0 0 1
-0.04646865617107581 0.051288490946210602 -0.025988438162638149
0.0032416606187316522 0.0033995207337653736
370654.23804809165 4797220.2164265467 505.17281392599818
0.97864166504857841 0.20424194323766945 0.023360651819814438
0.20550324247817817 -0.97494191184346757 -0.08518618351563545
0.0053766868888853563 0.08816743817025087 -0.99609115751752053
IMG_0566.JPG 4608 3456
3272.1733924963492 0 2342.3086717022011
0 3272.1733924963492 1770.4377498787001
0 0 1
-0.04646865617107581 0.051288490946210602 -0.025988438162638149
0.0032416606187316522 0.0033995207337653736
370624.72157350619 4797215.272655217 504.10586599240048
-0.97977747305977048 -0.199960536067984 -0.0072032839743583418
-0.1983130747215531 0.9752332560109056 -0.097938862382872
0.02660878950825226 -0.09452978570679145 -0.99516636394882918
IMG_0567.JPG 4608 3456
3272.1733924963492 0 2342.3086717022011
0 3272.1733924963492 1770.4377498787001
0 0 1
-0.04646865617107581 0.051288490946210602 -0.025988438162638149
0.0032416606187316522 0.0033995207337653736
370630.73621776589 4797164.558501224 504.44109742646572
-0.99251459630455496 0.11830882665563497 0.03029517548675691
0.11737400170933665 0.99260452469905014 -0.030977431618994584
-0.033736031852355075 -0.027189687058511103 -0.99906085954386048
IMG_0568.JPG 4608 3456
3272.1733924963492 0 2342.3086717022011
0 3272.1733924963492 1770.4377498787001
0 0 1
-0.04646865617107581 0.051288490946210602 -0.025988438162638149
0.0032416606187316522 0.0033995207337653736
370643.00538633927 4797114.1602398138 503.60843040724734
-0.9951627472083141 -0.061249773287129154 0.076808670350920163
-0.062218854400234211 0.99800952857686864 -0.010285670950348135
-0.076025789873723118 -0.015014864037068688 -0.99699279492483039
IMG_0569.JPG 4608 3456
3272.1733924963492 0 2342.3086717022011
0 3272.1733924963492 1770.4377498787001
0 0 1
-0.04646865617107581 0.051288490946210602 -0.025988438162638149
0.0032416606187316522 0.0033995207337653736
370650.84886107378 4797060.4395851018 501.36017154677603
-0.98135392839265989 0.18191799817370438 -0.062050859532857154
0.18496128699672038 0.98160186008988581 -0.047403697963273615
0.052285653298119163 -0.05799681205504767 -0.99694662858682681
IMG_0570.JPG 4608 3456
3272.1733924963492 0 2342.3086717022011
0 3272.1733924963492 1770.4377498787001
0 0 1
-0.04646865617107581 0.051288490946210602 -0.025988438162638149
0.0032416606187316522 0.0033995207337653736
370655.81210174353 4797008.9486530898 499.61573069689842
-0.99339681370763677 0.077691894091035107 0.084420021961985198
0.079491383195315998 0.99667007276936181 0.01816276530736561
-0.082727809793382734 0.024753497499593765 -0.99626471073120293
IMG_0571.JPG 4608 3456
3272.1733924963492 0 2342.3086717022011
0 3272.1733924963492 1770.4377498787001
0 0 1
-0.04646865617107581 0.051288490946210602 -0.025988438162638149
0.0032416606187316522 0.0033995207337653736
370630.09980272787 4797014.1731198234 506.73314494743948
0.95434764085307933 0.26821221108108756 0.13146402635381249
0.28101544255427652 -0.95539814980100368 -0.090800310587812266
0.10124673547421624 0.12359848374398921 -0.98715374353339769
IMG_0572.JPG 4608 3456
3272.1733924963492 0 2342.3086717022011
0 3272.1733924963492 1770.4377498787001
0 0 1
-0.04646865617107581 0.051288490946210602 -0.025988438162638149
0.0032416606187316522 0.0033995207337653736
370619.24163436634 4797066.782018113 502.95058197312693
0.95259336499301983 0.30414889106516624 0.0077027939804226436
0.3029562307347981 -0.94592064590962699 -0.11598126530124496
-0.027989341368438329 0.11281659321989665 -0.99322153272269398
IMG_0573.JPG 4608 3456
3272.1733924963492 0 2342.3086717022011
0 3272.1733924963492 1770.4377498787001
0 0 1
-0.04646865617107581 0.051288490946210602 -0.025988438162638149
0.0032416606187316522 0.0033995207337653736
370612.79110072192 4797116.1151951542 505.12716923198172
0.94633686423901209 0.32234087885161633 0.02330015457976907
0.32315536339889256 -0.94472055884650186 -0.055440750349205196
0.0041413148640534574 0.059995195757000408 -0.99819007508453816
IMG_0574.JPG 4608 3456
3272.1733924963492 0 2342.3086717022011
0 3272.1733924963492 1770.4377498787001
0 0 1
-0.04646865617107581 0.051288490946210602 -0.025988438162638149
0.0032416606187316522 0.0033995207337653736
370607.5500073916 4797165.9836806916 503.22644810301301
0.94863405383805444 0.31635063892683241 0.0039629722890830018
0.31528224811735767 -0.94424153022872459 -0.094894871375546475
-0.026278050172035938 0.091269961333954291 -0.99547941125733708
IMG_0575.JPG 4608 3456
3272.1733924963492 0 2342.3086717022011
0 3272.1733924963492 1770.4377498787001
0 0 1
-0.04646865617107581 0.051288490946210602 -0.025988438162638149
0.0032416606187316522 0.0033995207337653736
370594.78604559798 4797214.092436187 508.91717830667449
0.80193176153093049 0.59654284465438567 -0.032281331130427207
0.57311923053103464 -0.78344712379415871 -0.24030179319800124
-0.16864103131626559 0.17420458866032651 -0.97016130815770674
IMG_0576.JPG 4608 3456
3272.1733924963492 0 2342.3086717022011
0 3272.1733924963492 1770.4377498787001
0 0 1
-0.04646865617107581 0.051288490946210602 -0.025988438162638149
0.0032416606187316522 0.0033995207337653736
370568.77692396485 4797206.3960838467 505.52749007732831
-0.98698678907809634 -0.15374347500999525 -0.047117110237793601
-0.15189748819156793 0.98756400457601201 -0.040552311239721119
0.052765815320166477 -0.032867624764221885 -0.99806587356544574
IMG_0577.JPG 4608 3456
3272.1733924963492 0 2342.3086717022011
0 3272.1733924963492 1770.4377498787001
0 0 1
-0.04646865617107581 0.051288490946210602 -0.025988438162638149
0.0032416606187316522 0.0033995207337653736
370576.91471730737 4797155.7199563459 505.52963423594383
-0.97232319018127011 0.23356283387630089 -0.0060013721255388463
0.23244638440970825 0.96444390894998866 -0.12576416367200979
-0.023585847675499351 -0.12367841008412667 -0.99204201456817875
IMG_0578.JPG 4608 3456
3272.1733924963492 0 2342.3086717022011
0 3272.1733924963492 1770.4377498787001
0 0 1
-0.04646865617107581 0.051288490946210602 -0.025988438162638149
0.0032416606187316522 0.0033995207337653736
370587.08237112965 4797104.2676510056 503.53934989881088
-0.99784957483440406 -0.052508216031620966 0.039231533897817493
-0.052639164862725525 0.99861092249178662 -0.0023116666406656759
-0.03905565676510616 -0.0043718107552119401 -0.99922747307375748
IMG_0579.JPG 4608 3456
3272.1733924963492 0 2342.3086717022011
0 3272.1733924963492 1770.4377498787001
0 0 1
-0.04646865617107581 0.051288490946210602 -0.025988438162638149
0.0032416606187316522 0.0033995207337653736
370594.99841165036 4797052.6215734463 502.45460640638288
-0.98923104880922408 0.14196367795933934 0.035612444623466591
0.13935226576202336 0.98794547784619469 -0.067414233142891813
-0.04475352610457517 -0.061725577709007773 -0.99708930139566543
IMG_0580.JPG 4608 3456
3272.1733924963492 0 2342.3086717022011
0 3272.1733924963492 1770.4377498787001
0 0 1
-0.04646865617107581 0.051288490946210602 -0.025988438162638149
0.0032416606187316522 0.0033995207337653736
370602.38946928887 4796995.4036533479 503.96045536706504
-0.99546250620242605 0.068560065674949627 0.065984211292032136
0.05871721985151597 0.98826478993103006 -0.14101415913122195
-0.074877812722419224 -0.13649989881763078 -0.98780620102562777
IMG_0581.JPG 4608 3456
3272.1733924963492 0 2342.3086717022011
0 3272.1733924963492 1770.4377498787001
0 0 1
-0.04646865617107581 0.051288490946210602 -0.025988438162638149
0.0032416606187316522 0.0033995207337653736
370573.91427851166 4797008.5480043115 503.70281559852043
0.96649857037139808 0.25297446975277171 0.043410034823155724
0.2539206902550416 -0.9670614870202543 -0.017786606831484791
0.037480615395786107 0.028213436080679288 -0.9988989966428411
IMG_0582.JPG 4608 3456
3272.1733924963492 0 2342.3086717022011
0 3272.1733924963492 1770.4377498787001
0 0 1
-0.04646865617107581 0.051288490946210602 -0.025988438162638149
0.0032416606187316522 0.0033995207337653736
370566.01803707902 4797059.6572861578 506.26682463551379
0.88241658042012783 0.46262168292520556 -0.085569603756816034
0.44773034993486893 -0.88162181280088636 -0.1492665834702421
-0.14449398723423679 0.093403199522979347 -0.9850874732591125
IMG_0583.JPG 4608 3456
3272.1733924963492 0 2342.3086717022011
0 3272.1733924963492 1770.4377498787001
0 0 1
-0.04646865617107581 0.051288490946210602 -0.025988438162638149
0.0032416606187316522 0.0033995207337653736
370556.61166306905 4797110.2337079765 506.11910896352322
0.89923480016101842 0.43711057650209884 0.017638539887872267
0.43627806217098425 -0.89309329659892878 -0.10975343292302303
-0.03222152460241548 0.10638941432332687 -0.9938023273630604
IMG_0584.JPG 4608 3456
3272.1733924963492 0 2342.3086717022011
0 3272.1733924963492 1770.4377498787001
0 0 1
-0.04646865617107581 0.051288490946210602 -0.025988438162638149
0.0032416606187316522 0.0033995207337653736
-370546.89757927344 4797161.3459351351 505.05044549829245
0.89410147264080131 0.44769290528625544 0.012394320388884321
0.44757061826670708 -0.89217039650647545 -0.06093049533555437
-0.016220304741525755 0.060025379247701252 -0.99806505577555504
IMG_0585.JPG 4608 3456
3272.1733924963492 0 2342.3086717022011
0 3272.1733924963492 1770.4377498787001
0 0 1
-0.04646865617107581 0.051288490946210602 -0.025988438162638149
0.0032416606187316522 0.0033995207337653736
370542.26076217502 4797210.5580660738 507.05038685519526
0.95964792350607753 0.28120413031534258 -0.00031623419405184955
0.27868012003834941 -0.95118352732043376 -0.13261707299465267
-0.03759326543258517 0.12717757053761372 -0.99116729765779987
IMG_0586.JPG 4608 3456
3272.1733924963492 0 2342.3086717022011
0 3272.1733924963492 1770.4377498787001
0 0 1
-0.04646865617107581 0.051288490946210602 -0.025988438162638149
0.0032416606187316522 0.0033995207337653736
370513.81122953631 4797197.2042432064 501.99112789870753
-0.982278882332699 -0.18715027558475031 -0.010147495837682164
-0.18686313251182393 0.98208661924435392 -0.024249577502794377
0.014504034993487156 -0.021923655027105034 -0.99965443345146043
IMG_0587.JPG 4608 3456
3272.1733924963492 0 2342.3086717022011
0 3272.1733924963492 1770.4377498787001
0 0 1
-0.04646865617107581 0.051288490946210602 -0.025988438162638149
0.0032416606187316522 0.0033995207337653736
370522.04525700462 4797149.5410304498 501.44235881176462
-0.98383054489671196 0.17810578100388169 0.018862388534760723
0.17893085525867858 0.98202580361014669 0.060075536454062911
-0.0078235519194771765 0.062479211077309221 -0.99801560118994148
IMG_0588.JPG 4608 3456
3272.1733924963492 0 2342.3086717022011
0 3272.1733924963492 1770.4377498787001
0 0 1
-0.04646865617107581 0.051288490946210602 -0.025988438162638149
0.0032416606187316522 0.0033995207337653736
370532.16567924427 4797099.8424591655 501.26278250096084
-0.99867011545566375 0.032039223583092545 0.040391690333086767
0.034223419800584562 0.99792180068025638 0.054597044464215976
-0.03855850143514819 0.055906778473341009 -0.99769117169984445
IMG_0589.JPG 4608 3456
3272.1733924963492 0 2342.3086717022011
0 3272.1733924963492 1770.4377498787001
0 0 1
-0.04646865617107581 0.051288490946210602 -0.025988438162638149
0.0032416606187316522 0.0033995207337653736
370540.04934271425 4797048.1775713768 502.23463239605763
-0.9874897786007607 0.15462975498285106 -0.030880026440465703
0.15296699228095748 0.98694340099215772 0.05043632134236592
0.038275794329287356 0.045081727029655266 -0.99824976907409579
IMG_0590.JPG 4608 3456
3272.1733924963492 0 2342.3086717022011
0 3272.1733924963492 1770.4377498787001
0 0 1
-0.04646865617107581 0.051288490946210602 -0.025988438162638149
0.0032416606187316522 0.0033995207337653736
370548.40212670137,4796998.6003650203,502.92655057217576
-0.99904726366384522 0.04308775396667465 -0.0069289554689454603
0.043302379008041209 0.99846354002414706 -0.034575471286627163
0.0054285300061129435 -0.034842570234638832 -0.99937806978211063
IMG_0591.JPG 4608 3456
3272.1733924963492 0 2342.3086717022011
0 3272.1733924963492 1770.4377498787001
0 0 1
-0.04646865617107581 0.051288490946210602 -0.025988438162638149
0.0032416606187316522 0.0033995207337653736
370518.66540042573 4796998.3991580764 505.32997605147824
0.97781213275533341 0.20612857373727253 0.037342256566841814
0.20767928855369464 -0.97721009054544949 -0.043928943101168481
0.027436219533625239 0.050709466820232488 -0.99833651833062309
IMG_0592.JPG 4608 3456
3272.1733924963492 0 2342.3086717022011
0 3272.1733924963492 1770.4377498787001
0 0 1
-0.04646865617107581 0.051288490946210602 -0.025988438162638149
0.0032416606187316522 0.0033995207337653736
370507.95576541725 4797043.3335283995 508.00144075344974
0.78416282887691247 0.60662834750010086 0.13073142627943388
0.61991806233731872 -0.77532073611896091 -0.12074498801977936
0.028111453105494136 0.17572650384403976 -0.98403757146312676
IMG_0593.JPG 4608 3456
3272.1733924963492 0 2342.3086717022011
0 3272.1733924963492 1770.4377498787001
0 0 1
-0.04646865617107581 0.051288490946210602 -0.025988438162638149
0.0032416606187316522 0.0033995207337653736
370502.83352616581 4797093.8958263071 506.82069312216362
0.96084521162806891 0.27528783511277327 0.031513284981640077
0.27696939841156765 -0.95091548590538721 -0.13801337257257193
-0.0080269318513247132 0.14133770376033356 -0.98992889737637735
IMG_0594.JPG 4608 3456
3272.1733924963492 0 2342.3086717022011
0 3272.1733924963492 1770.4377498787001
0 0 1
-0.04646865617107581 0.051288490946210602 -0.025988438162638149
0.0032416606187316522 0.0033995207337653736
370495.27936126519 4797143.0603056792 507.22867689628981
0.89174103550619688 0.44688099599216513 0.071381377230943191
0.4524703231073921 -0.88331612111118984 -0.12256931464348622
0.0082784238492531678 0.14159804238100276 -0.98988962116613777
IMG_0595.JPG 4608 3456
3272.1733924963492 0 2342.3086717022011
0 3272.1733924963492 1770.4377498787001
0 0 1
-0.04646865617107581 0.051288490946210602 -0.025988438162638149
0.0032416606187316522 0.0033995207337653736
370487.00425881572 4797191.2338381419 505.41235762135256
0.95836582038355222 0.28509555529565456 0.015983700173094501
0.28525906458563915 -0.95341402155785382 -0.098127313061177515
-0.012736576945441945 0.098601358243903287 -0.99504550235663614
IMG_0596.JPG 4608 3456
3272.1733924963492 0 2342.3086717022011
0 3272.1733924963492 1770.4377498787001
0 0 1
-0.04646865617107581 0.051288490946210602 -0.025988438162638149
0.0032416606187316522 0.0033995207337653736
370458.91814168822 4797192.7243097983 505.50176187333608
-0.90782523953009153 -0.41909834933051721 0.014488204187118074
-0.41930782675180706 0.90767720656516426 -0.017407903570986229
-0.0058549890528039033 -0.021878351640284219 -0.99974349551907349
IMG_0597.JPG 4608 3456
3272.1733924963492 0 2342.3086717022011
0 3272.1733924963492 1770.4377498787001
0 0 1
-0.04646865617107581 0.051288490946210602 -0.025988438162638149
0.0032416606187316522 0.0033995207337653736
370465.92029876541 4797139.1574372966 505.5839890408954
-0.97476648252735099 0.22314614083279927 0.0060086914285977797
0.22190016686063863 0.97155188248612012 -0.082748145507297921
-0.024302684799756859 -0.079326789101190287 -0.99655237696892729
IMG_0598.JPG 4608 3456
3272.1733924963492 0 2342.3086717022011
0 3272.1733924963492 1770.4377498787001
0 0 1
-0.04646865617107581 0.051288490946210602 -0.025988438162638149
0.0032416606187316522 0.0033995207337653736
370479.03394828766 4797086.4872274278 504.67494761414235
-0.97496418748509361 -0.21797700034984388 -0.043941557095936418
-0.21802371929410497 0.9759361314892564 -0.0037848486033540091
0.043709163189159871 0.0058902098663071948 -0.99902693381161356
IMG_0599.JPG 4608 3456
3272.1733924963492 0 2342.3086717022011
0 3272.1733924963492 1770.4377498787001
0 0 1
-0.04646865617107581 0.051288490946210602 -0.025988438162638149
0.0032416606187316522 0.0033995207337653736
370483.64331693482 4797032.6264684172 501.6274510874569
-0.9594063377766926 0.28202027546808212 -0.0020107856230239568
0.2819918908391808 0.95937421654999633 0.0090380373989195698
0.0044780056786727302 0.0081041251216774444 -0.99995713439184686
IMG_0600.JPG 4608 3456
3272.1733924963492 0 2342.3086717022011
0 3272.1733924963492 1770.4377498787001
0 0 1
-0.04646865617107581 0.051288490946210602 -0.025988438162638149
0.0032416606187316522 0.0033995207337653736
370495.85920211812 4796980.7505397005 501.01730002797694
-0.98656543627206505 -0.16216617770524919 0.019767922545870082
-0.16186743499726025 0.98668461608023827 0.015887160791053224
-0.022081065207949512 0.012473940799225369 -0.99967836195459381
IMG_0601.JPG 4608 3456
3272.1733924963492 0 2342.3086717022011
0 3272.1733924963492 1770.4377498787001
0 0 1
-0.04646865617107581 0.051288490946210602 -0.025988438162638149
0.0032416606187316522 0.0033995207337653736
370463.73544257646 4796990.7269768864 505.84030344915851
0.97892707127714407 0.2039952036428013 0.0093672841040037466
0.20353613647625002 -0.97094511380595905 -0.1258516075568942
-0.016578005581927874 0.12510612641699526 -0.99200485223806256
IMG_0602.JPG 4608 3456
3272.1733924963492 0 2342.3086717022011
0 3272.1733924963492 1770.4377498787001
0 0 1
-0.04646865617107581 0.051288490946210602 -0.025988438162638149
0.0032416606187316522 0.0033995207337653736
370454.70437012939 4797038.756405131 507.08243685573382
0.9013146984238688 0.42922592400368159 -0.058283107057499547
0.42317168216535234 -0.90124919627065003 -0.093142974157223182
-0.092506982538812885 0.059287371207474418 -0.9939454038310509
IMG_0603.JPG 4608 3456
3272.1733924963492 0 2342.3086717022011
0 3272.1733924963492 1770.4377498787001
0 0 1
-0.04646865617107581 0.051288490946210602 -0.025988438162638149
0.0032416606187316522 0.0033995207337653736
370447.48001318017 4797090.4038395835 507.7221883268360
0.95783573485455464 0.28408722074974746 0.042955279562815814
0.28731475970281983 -0.94656235423009483 -0.14652623796198189
-0.00096638115994475415 0.15268975263934612 -0.98827369971399581
IMG_0604.JPG 4608 3456
3272.1733924963492 0 2342.3086717022011
0 3272.1733924963492 1770.4377498787001
0 0 1
-0.04646865617107581 0.051288490946210602 -0.025988438162638149
0.0032416606187316522 0.0033995207337653736
370443.63715328346 4797139.8210604731 505.65641659067933
0.98757196701300032 0.14987889019308326 -0.047306746290178843
0.14312585069415154 -0.98199363300762488 -0.12330245575641025
-0.064935358882115227 0.11499923046253725 -0.99124092740356273
IMG_0605.JPG 4608 3456
3272.1733924963492 0 2342.3086717022011
0 3272.1733924963492 1770.4377498787001
0 0 1
-0.04646865617107581 0.051288490946210602 -0.025988438162638149
0.0032416606187316522 0.0033995207337653736
370431.46171782335 4797186.957705291 506.96003349757325
0.85672782978282924 0.51421482978933353 -0.04000668069623399
0.5090886277715444 -0.85552750107808073 -0.094347570041736717
-0.08274173523252662 0.060463242749800472 -0.99473514139538133
IMG_0606.JPG 4608 3456
3272.1733924963492 0 2342.3086717022011
0 3272.1733924963492 1770.4377498787001
0 0 1
-0.04646865617107581 0.051288490946210602 -0.025988438162638149
0.0032416606187316522 0.0033995207337653736
370448.9007750192 4797205.1994615011 502.36192383056931
0.50433234021771012 -0.86296078886018401 -0.030782584367410645
-0.86321391452447993 -0.50477205513077994 0.0081798612685475523
-0.022597087906447155 0.022446586574749811 -0.99949263247374187
IMG_0607.JPG 4608 3456
3272.1733924963492 0 2342.3086717022011
0 3272.1733924963492 1770.4377498787001
0 0 1
-0.04646865617107581 0.051288490946210602 -0.025988438162638149
0.0032416606187316522 0.0033995207337653736
370498.96089102724 4797212.7610529419 502.19065878252633
0.26520601902397622 -0.96093763971291335 -0.079149352849088847
-0.96392505605110679 -0.26230716494181111 -0.045204397319953148
0.022677164512456969 0.088282522637069663 -0.99583730719757146
IMG_0608.JPG 4608 3456
3272.1733924963492 0 2342.3086717022011
0 3272.1733924963492 1770.4377498787001
0 0 1
-0.04646865617107581 0.051288490946210602 -0.025988438162638149
0.0032416606187316522 0.0033995207337653736
370551.43671359424 4797222.3283796571 502.77548018591801
0.50602454811968223 -0.86138480855348432 0.044219546509981354
-0.86224500570217844 -0.50649084095971775 0.00076037199319222066
0.021741822414912498 -0.038512850026904577 -0.99902154808636812
IMG_0609.JPG 4608 3456
3272.1733924963492 0 2342.3086717022011
0 3272.1733924963492 1770.4377498787001
0 0 1
-0.04646865617107581 0.051288490946210602 -0.025988438162638149
0.0032416606187316522 0.0033995207337653736
370604.87467333977 4797230.3707690882 504.7834939432276
0.30099811865058468 -0.95356797647298752 -0.010404172913809569
-0.95177401323868738 -0.29971670029802311 -0.065544849423794765
0.059383165058217564 0.029631297772403864 -0.99779538278145574
IMG_0610.JPG 4608 3456
3272.1733924963492 0 2342.3086717022011
0 3272.1733924963492 1770.4377498787001
0 0 1
-0.04646865617107581 0.051288490946210602 -0.025988438162638149
0.0032416606187316522 0.0033995207337653736
370655.7849108135 4797239.4205779471 504.1583979019648
0.43752233155598214 -0.89781953314912555 -0.049942920276084199
-0.89697068662720758 -0.43967542533305365 0.046142254926628871
-0.06338609249143598 0.024609068533457963 -0.99768562033567598
IMG_0611.JPG 4608 3456
3272.1733924963492 0 2342.3086717022011
0 3272.1733924963492 1770.4377498787001
0 0 1
-0.04646865617107581 0.051288490946210602 -0.025988438162638149
0.0032416606187316522 0.0033995207337653736
370706.41504473443 4797243.9596059751 502.49994393449464
0.37054111007025609 -0.92451623576834374 0.08926934271425245
-0.92880179408012487 -0.36828726097033032 0.041130532703980642
-0.0051490835537771895 -0.098154078915265161 -0.99515790894252165
IMG_0612.JPG 4608 3456
3272.1733924963492 0 2342.3086717022011
0 3272.1733924963492 1770.4377498787001
0 0 1
-0.04646865617107581 0.051288490946210602 -0.025988438162638149
0.0032416606187316522 0.0033995207337653736
370760.85142027849 4797255.6141489623 503.13344026281538
0.38426336345848294 -0.92176702010619538 -0.051838481344641654
-0.91969312105161138 -0.37728431286268277 -0.1087249297910985
0.080661208730838055 0.089454501911744144 -0.99271932664464724
IMG_0613.JPG 4608 3456
3272.1733924963492 0 2342.3086717022011
0 3272.1733924963492 1770.4377498787001
0 0 1
-0.04646865617107581 0.051288490946210602 -0.025988438162638149
0.0032416606187316522 0.0033995207337653736
370738.84237391205 4797215.1399981538 505.76769858391197
0.12471031790507454 0.98875708393848194 0.082503124604374034
0.98896490816619087 -0.11717176935244868 -0.090659731318011527
-0.079973414481643301 0.092898898961646437 -0.99245858732133552
IMG_0614.JPG 4608 3456
3272.1733924963492 0 2342.3086717022011
0 3272.1733924963492 1770.4377498787001
0 0 1
-0.04646865617107581 0.051288490946210602 -0.025988438162638149
0.0032416606187316522 0.0033995207337653736
370691.95233463746 4797201.7900666418 508.24817205123668
-0.059028344918071171 0.9938279154835189 0.093924059228276194
0.9835625900695838 0.073985350934762911 -0.16471429586611921
-0.17064666979418233 0.082657378695089823 -0.98185919145028722
IMG_0615.JPG 4608 3456
3272.1733924963492 0 2342.3086717022011
0 3272.1733924963492 1770.4377498787001
0 0 1
-0.04646865617107581 0.051288490946210602 -0.025988438162638149
0.0032416606187316522 0.0033995207337653736
370641.6997188289 4797197.9239306198 504.67157897887637
0.142418508701663 0.98919897477962382 0.0346750151281204
0.98858066124643806 -0.14041182856291698 -0.054706440289725065
-0.049246772368852554 0.042070259026526724 -0.99790021981994337
IMG_0616.JPG 4608 3456
3272.1733924963492 0 2342.3086717022011
0 3272.1733924963492 1770.4377498787001
0 0 1
-0.04646865617107581 0.051288490946210602 -0.025988438162638149
0.0032416606187316522 0.0033995207337653736
370594.51767668326 4797190.9242585925 507.64722175615776
-0.036917626274788673 0.99586201261412122 0.08304180093414977
0.98543355099028818 0.050082977306458096 -0.16251895879186509
-0.16600543802209064 0.075832362591921984 -0.98320478402559719
IMG_0617.JPG 4608 3456
3272.1733924963492 0 2342.3086717022011
0 3272.1733924963492 1770.4377498787001
0 0 1
-0.04646865617107581 0.051288490946210602 -0.025988438162638149
0.0032416606187316522 0.0033995207337653736
370544.41570247192 4797188.4888739455 505.70350534951461
0.26893501036036466 0.96240906580883889 0.03798355238032277
0.95081711310646222 -0.25898969396963606 -0.16991514306090405
-0.15369052549316042 0.081811542379253643 -0.98472640561079894
IMG_0618.JPG 4608 3456
3272.1733924963492 0 2342.3086717022011
0 3272.1733924963492 1770.4377498787001
0 0 1
-0.04646865617107581 0.051288490946210602 -0.025988438162638149
0.0032416606187316522 0.0033995207337653736
370494.40373131406 4797183.1885392852 506.40083754468691
0.041726051711503433 0.99881500607365925 0.025050354301782637
0.99532479835154686 -0.039368262627584361 -0.088196857563849457
-0.087106155896247331 0.028613345483557897 -0.99578802667295485
IMG_0619.JPG 4608 3456
3272.1733924963492 0 2342.3086717022011
0 3272.1733924963492 1770.4377498787001
0 0 1
-0.04646865617107581 0.051288490946210602 -0.025988438162638149
0.0032416606187316522 0.0033995207337653736
370444.508229350264797173.507696094 505.81283825569983
0.063057267211045848 0.99785526117460766 -0.017568687999680921
0.98766445341175879 -0.064922064827843268 -0.14249229089793253
-0.14332727765058006 -0.0083667941677015752 -0.98963997910180901
IMG_0620.JPG 4608 3456
3272.1733924963492 0 2342.3086717022011
0 3272.1733924963492 1770.4377498787001
0 0 1
-0.04646865617107581 0.051288490946210602 -0.025988438162638149
0.0032416606187316522 0.0033995207337653736
370453.21041121747 4797134.1784773599 503.16932864167637
0.42797473630310445 -0.8992288484167521 0.090692355032660738
-0.89200618775833662 -0.43641410218325039 -0.11776116684385686
0.14547366114567761 -0.030499337544763784 -0.98889190729937881
IMG_0621.JPG 4608 3456
3272.1733924963492 0 2342.3086717022011
0 3272.1733924963492 1770.4377498787001
0 0 1
-0.04646865617107581 0.051288490946210602 -0.025988438162638149
0.0032416606187316522 0.0033995207337653736
370504.80867919471 4797144.5249660686 501.79168671065685
0.49614317889837561 -0.86780061448576151 0.027641264999077892
-0.86791214751210854 -0.49657978853076756 -0.011705461274907533
0.023884100015169048 -0.018182604897896519 -0.99954936978900277
IMG_0622.JPG 4608 3456
3272.1733924963492 0 2342.3086717022011
0 3272.1733924963492 1770.4377498787001
0 0 1
-0.04646865617107581 0.051288490946210602 -0.025988438162638149
0.0032416606187316522 0.0033995207337653736
370553.76481519378 4797155.7626148826 501.89605709828896
0.50246675343727898 -0.86342365786715869 0.045019426090260266
-0.86456458025952576 -0.50221422947933969 0.017577095014338764
0.0074329167135631716 -0.047754107087963987 -0.99883146576655291
IMG_0623.JPG 4608 3456
3272.1733924963492 0 2342.3086717022011
0 3272.1733924963492 1770.4377498787001
0 0 1
-0.04646865617107581 0.051288490946210602 -0.025988438162638149
0.0032416606187316522 0.0033995207337653736
370606.81885411724 4797168.5261886213 502.64172837297332
0.65174697487113997 -0.75678227270084897 0.050064682881803491
-0.75843505090418661 -0.65045200110923485 0.041090969968543251
0.0014677555250918427 -0.06475172568148152 -0.99790032554107777
IMG_0624.JPG 4608 3456
3272.1733924963492 0 2342.3086717022011
0 3272.1733924963492 1770.4377498787001
0 0 1
-0.04646865617107581 0.051288490946210602 -0.025988438162638149
0.0032416606187316522 0.0033995207337653736
370660.35079045541 4797175.9892729213 503.43020594926327
0.29615555104208802 -0.95036217715571691 0.095412901741866521
-0.9550625029450267 -0.29338016376522102 0.042233813200713309
-0.012145165924674003 -0.10363306297190082 -0.99454144368333097
IMG_0625.JPG 4608 3456
3272.1733924963492 0 2342.3086717022011
0 3272.1733924963492 1770.4377498787001
0 0 1
-0.04646865617107581 0.051288490946210602 -0.025988438162638149
0.0032416606187316522 0.0033995207337653736
370712.74237489031 4797189.7130317623 503.45047004700206
0.44193992445112101 -0.89606099022944308 -0.041997678092574431
-0.89697584939524011 -0.44200129102194807 -0.0083177122226472944
-0.01110985048617321 0.041346832090997723 -0.99908308498253229
IMG_0626.JPG 4608 3456
3272.1733924963492 0 2342.3086717022011
0 3272.1733924963492 1770.4377498787001
0 0 1
-0.04646865617107581 0.051288490946210602 -0.025988438162638149
0.0032416606187316522 0.0033995207337653736
370768.61470748723 4797200.3282658597 505.22967246869979
0.34822652070851823 -0.93366368054455484 0.08372826229676264
-0.92231714445301394 -0.35721382697748477 -0.14740884255748585
0.16753917548823627 -0.025892343426100035 -0.98552534783668899
IMG_0627.JPG 4608 3456
3272.1733924963492 0 2342.3086717022011
0 3272.1733924963492 1770.4377498787001
0 0 1
-0.04646865617107581 0.051288490946210602 -0.025988438162638149
0.0032416606187316522 0.0033995207337653736
370742.82686771837 4797161.5892051775 507.24418406521437
-0.20230439145116333 0.97677592970745175 0.070581274738543948
0.9740455548322674 0.20816286432819345 -0.088901513070266003
-0.10152925839911871 0.050764210412705943 -0.99353651398934484
IMG_0628.JPG 4608 3456
3272.1733924963492 0 2342.3086717022011
0 3272.1733924963492 1770.4377498787001
0 0 1
-0.04646865617107581 0.051288490946210602 -0.025988438162638149
0.0032416606187316522 0.0033995207337653736
370694.14798520459 4797152.5626618443 505.3740080668598
0.088046900316964299 0.99562990455384159 0.031126138576489871
0.98321502622169865 -0.081851304052603518 -0.16306003874877709
-0.15979973578338291 0.044960618134057627 -0.98612503632174564
IMG_0629.JPG 4608 3456
3272.1733924963492 0 2342.3086717022011
0 3272.1733924963492 1770.4377498787001
0 0 1
-0.04646865617107581 0.051288490946210602 -0.025988438162638149
0.0032416606187316522 0.0033995207337653736
370645.82184888312 4797146.8105046637 507.50254398188002
0.24770032451812979 0.9688337318041268 0.0023977806618950331
0.9685559700662183 -0.24768736734028562 0.023458493325981853
0.023321279611117428 -0.0034882916345643235 -0.99972193620965044
IMG_0630.JPG 4608 3456
3272.1733924963492 0 2342.3086717022011
0 3272.1733924963492 1770.4377498787001
0 0 1
-0.04646865617107581 0.051288490946210602 -0.025988438162638149
0.0032416606187316522 0.0033995207337653736
370596.10913542623 4797140.2004992692 508.94432165542258
0.081087317132068792 0.98025012679531054 -0.18037332374301013
0.98565358791106206 -0.10574081416363999 -0.13155183335119566
-0.14802652342865283 -0.16711842848048802 -0.97476129345796159
IMG_0631.JPG 4608 3456
3272.1733924963492 0 2342.3086717022011
0 3272.1733924963492 1770.4377498787001
0 0 1
-0.04646865617107581 0.051288490946210602 -0.025988438162638149
0.0032416606187316522 0.0033995207337653736
370546.49370512849 4797129.9778547939 503.98072718779434
-0.13882874677143156 0.98888118754608134 0.05329705420870217
0.98876225374812532 0.14142392495453854 -0.048461108255806913
-0.055459756876511029 0.04597032051122401 -0.99740209795212165
IMG_0632.JPG 4608 3456
3272.1733924963492 0 2342.3086717022011
0 3272.1733924963492 1770.4377498787001
0 0 1
-0.04646865617107581 0.051288490946210602 -0.025988438162638149
